%
% HIP - numer gwiazdy
% RA - rektascencja
% Dec - deklinacja
% pi - paralaksa
% +/- - b"l"ad paralaksy
% pm_RA*cos(Del) - ruch w"lasny w rektascencji pomno"zony przez cos(Del)
% +/- - b"l"ad powy"zszego
% pm_Dec - ruch w"l"asny w deklinacji
% +/- - b"l"ad powy"zszego
% v_r - pr"edko"s"c radialna
% +/- - b"l"ad powy"zszego
%
% HIP      RA           Dec          pi      +/-  pm_RA*cos(Del) +/-    pm_Dec   +/-     v_r    +/-
%        [h m s]      [g am as]       [marcsec]      [marcsec/yr]       [marcsec/yr]       [km/s]
%
 10540  02 15 45.94  +25 46 59.2    24.93    0.88    176.41    0.73    -66.38    0.72   26.00  1.20 
 10672  02 17 19.67  +05 21 38.5    15.37    1.29    146.51    1.78     17.43    0.90   26.40  0.32 
 12031  02 35 07.55  +03 43 56.8    13.44    3.62     85.38    3.56      8.64    3.54    0.00  0.00 
 13042  02 47 36.19  +10 13 49.9    11.18   17.11     43.95   23.53    -36.85   21.61    0.00  0.00 
 13117  02 48 43.22  +00 02 03.5    29.67    9.34    494.62    8.70     78.24   11.24   26.60  0.49 
 13600  02 55 16.21  +17 53 30.3    18.89    1.29    117.79    1.70    -13.20    1.05   30.41  0.23 
 13684  02 56 15.94  +29 09 50.8     5.84    0.92     35.09    0.90    -21.55    0.81   30.67  0.13 
 13806  02 57 46.55  +29 39 41.7    25.77    1.39    188.82    1.34    -46.08    1.06   26.62  0.21 
 13834  02 58 05.08  +20 40 07.7    31.41    0.84    234.79    0.84    -31.64    0.70   28.10  1.20 
 13976  03 00 02.62  +07 44 58.9    42.66    1.22    329.79    1.50     19.67    1.27   28.35  0.18 
 14792  03 11 01.00  +09 59 22.9     5.13    2.22    165.72    2.06    -22.58    1.63   25.99  0.17 
 14838  03 11 37.67  +19 43 36.1    19.44    1.23    154.61    1.09     -8.39    1.18   24.70  0.50 
 14976  03 13 02.67  +32 53 47.8    23.73    1.18    184.52    1.23    -61.65    0.94   27.27  0.22 
 15300  03 17 22.74  +26 18 54.5    29.49    4.70    182.90    5.12    -47.44    4.55   29.84  0.29 
 15304  03 17 26.29  +07 39 21.0    20.20    1.18    169.30    1.66     -7.64    0.96   32.44  0.21 
 15310  03 17 32.68  +07 41 24.6    21.64    1.33    170.41    1.93     -7.48    1.10   33.00  0.13 
 15368  03 18 07.64  +08 02 39.4    13.76    5.62     58.94    7.48     -3.70    5.32    0.00  0.00 
 15374  03 18 15.03  +09 14 42.4    24.54    3.95    123.52    4.78     15.81    4.06    0.00  0.00 
 15532  03 20 06.73  +12 43 07.1     4.48    2.24     27.74    2.98    -32.64    2.04   47.27  0.22 
 15563  03 20 29.06  +08 27 16.0    34.18    1.70    228.24    1.79      2.51    1.47   30.45  0.26 
 15720  03 22 27.99  +27 09 22.4    29.75    2.73    218.40    3.44    -64.05    2.67   28.90  0.45 
 16329  03 30 30.33  +20 06 12.3    21.61    1.48    155.02    1.98    -63.38    1.57   26.67  0.09 
 16377  03 30 59.72  -00 07 34.2    10.48    1.61     59.31    1.91      1.34    1.53    0.00  0.00 
 16529  03 32 49.98  +23 41 32.2    22.78    1.26    160.99    1.43    -40.55    1.20   32.72  0.17 
 16548  03 33 05.23  +04 57 29.0    17.20    3.36    121.87    4.28     20.31    2.98   26.60  0.34 
 16896  03 37 22.60  +18 35 48.8    11.73    1.33    142.33    1.58     -4.15    1.19   47.83  0.22 
 16908  03 37 34.89  +21 20 35.7    25.23    1.58    141.55    1.71    -27.39    1.36   33.56  0.21 
 17128  03 40 07.11  +04 37 49.2     2.47    1.59    132.50    2.03      2.18    1.50   62.40  0.40 
 17324  03 42 29.72  +26 34 20.3     1.46    1.13     70.33    1.19    -47.54    0.93   31.88  0.26 
 17605  03 46 16.06  +07 41 34.0     6.63    1.68    102.05    1.95    -70.69    1.33   92.10  0.65 
 17609  03 46 19.89  +26 12 57.5    68.62    1.78    386.94    2.07   -198.16    1.34   32.20  2.50 
 17766  03 48 11.76  +07 08 46.4    24.02    2.27    173.16    2.96      4.87    1.89   35.40  0.25 
 17779  03 48 22.34  +08 34 49.5     7.65    0.95     92.26    1.06    -17.14    0.81   -1.48  0.17 
 17950  03 50 16.10  -01 31 21.5    22.22    0.97    102.33    0.97     25.09    0.95    0.00  0.00 
 17962  03 50 24.89  +17 14 47.6    21.37    1.62    130.19    1.67    -23.30    1.34   40.00  5.00 
 18018  03 51 03.02  +23 54 13.6    24.72    4.62    150.93    4.66    -46.61    3.67   35.30  0.12 
 18096  03 52 04.97  +18 08 05.6    11.19    1.65     69.95    1.70    -23.15    1.41   40.02  0.24 
 18170  03 53 09.96  +17 19 37.8    24.14    0.90    143.97    1.06    -29.93    0.84   35.00  2.50 
 18322  03 55 01.36  +12 29 08.2    26.49    1.98    127.58    2.18     -9.65    1.58   37.18  0.22 
 18327  03 55 06.41  +16 59 54.7    24.16    1.40    148.37    1.67    -25.09    1.31   36.79  0.13 
 18617  03 59 00.08  -00 56 11.9    10.38    2.61     80.09    3.23      1.75    3.04    0.00  0.00 
 18658  03 59 40.41  +10 19 49.5    25.42    1.05    133.06    3.44     -3.50    1.52   39.10  1.10 
 18692  04 00 16.62  +14 18 21.4    10.93    1.19     54.46    1.12    -18.63    1.01   37.94  0.18 
 18946  04 03 38.96  +19 27 18.3    23.07    2.12    119.02    2.32    -34.19    1.81   36.93  0.26 
 18975  04 03 56.51  +08 11 49.9    27.80    0.95    168.35    1.00     27.98    0.86   34.40  1.50 
 19082  04 05 25.60  +19 26 32.0    14.56    3.17    123.06    3.22    -28.43    2.24   38.33  0.22 
 19098  04 05 39.60  +17 56 16.0    19.81    1.39    126.34    1.65    -29.13    1.19   37.61  0.05 
 19117  04 05 54.28  +11 57 58.1    29.02    2.12    216.53    2.17     17.79    1.66   37.28  0.13 
 19148  04 06 16.06  +15 41 53.4    21.41    1.47    118.53    1.15    -19.59    0.88   38.04  0.17 
 19207  04 07 01.15  +15 20 06.3    23.57    2.26    122.63    2.06    -18.96    1.53   38.95  0.23 
 19261  04 07 41.91  +15 09 46.2    21.27    1.03    127.06    1.14    -22.75    0.89   36.35  0.26 
 19263  04 07 43.12  +16 31 07.9    19.70    1.68    123.10    1.65    -25.25    1.23   38.72  0.05 
 19316  04 08 26.60  +12 11 30.7    24.90    2.59    115.35    2.87    -13.05    2.36   38.43  0.28 
 19365  04 08 54.31  +29 11 26.7    10.68    1.43     84.78    1.37    -38.77    1.33   37.92  0.15 
 19386  04 09 09.03  +00 10 44.1    15.37    0.97     65.10    1.33     18.38    1.23   33.60  0.39 
 19441  04 09 49.26  +09 18 19.8    29.78    1.90    156.70    2.14     -2.81    1.94   39.24  0.16 
 19449  04 09 54.14  +04 19 25.1    12.14    2.03     49.01    2.84      7.02    2.41    0.00  0.00 
 19472  04 10 13.80  +17 22 07.7    29.88    2.67    414.43    2.50   -152.23    1.74    0.00  0.00 
 19481  04 10 21.62  +12 04 38.6    23.85    1.26    168.24    1.74     89.45    1.57   38.00  4.50 
 19504  04 10 42.29  +18 25 24.0    23.22    0.92    123.92    0.94    -31.41    0.66   37.10  0.30 
 19572  04 11 37.97  +29 49 49.6    12.91    1.19    119.59    1.42   -109.73    1.23   78.24  0.27 
 19641  04 12 31.32  +17 16 39.0    11.42    1.27     49.14    1.29    -19.59    1.17   26.97  0.15 
 19696  04 13 10.87  +16 46 01.0    11.33    1.61    147.29    1.60    -45.69    1.38   -5.92  0.33 
 19767  04 14 18.09  +12 20 53.7    27.98    1.18    341.22    1.29    -59.45    1.07   53.40  7.20 
 19781  04 14 25.59  +14 37 30.3    21.91    1.27    105.61    1.39    -19.86    1.08   39.24  0.06 
 19786  04 14 27.19  +12 26 07.2    22.19    1.45    117.48    1.51     -9.35    1.39   39.32  0.14 
 19789  04 14 30.36  +22 27 07.0    18.12    0.92     95.09    0.83    -34.10    0.70   38.40  1.20 
 19793  04 14 32.24  +23 34 30.2    21.69    1.14    121.09    1.23    -48.34    0.93   38.21  0.23 
 19796  04 14 34.27  +10 42 05.0    21.08    0.97    119.81    1.12     -5.22    1.03   38.50  0.15 
 19808  04 14 51.86  +13 03 18.0    22.67    2.30    114.46    3.24    -19.28    2.93   40.51  0.15 
 19834  04 15 10.34  +14 23 54.6    31.94    3.74    118.87    4.67    -11.92    3.97   38.79  0.36 
 19862  04 15 33.61  +15 42 22.8    31.11    2.76    112.78    2.98    -25.84    2.43   38.96  0.17 
 19877  04 15 46.21  +15 24 02.7    22.51    0.82    114.38    0.85    -22.07    0.69   36.40  1.20 
 19934  04 16 33.41  +21 54 27.2    19.48    1.17    105.61    1.31    -37.59    1.11   38.46  0.19 
 19981  04 17 06.80  +22 40 24.3    30.56    1.52    117.96    1.60    -42.19    1.12   28.82  0.20 
 20082  04 18 19.20  +16 05 18.2    20.01    1.91    121.88    2.50    -19.72    2.10   39.64  0.08 
 20086  04 18 21.92  +17 25 18.3    19.57    1.86    120.57    1.86    -40.55    1.48   40.53  0.04 
 20130  04 18 57.90  +19 54 24.4    23.53    1.25    113.95    1.54    -36.39    1.22   39.58  0.06 
 20146  04 19 07.94  +17 31 29.4    21.24    1.32    112.80    1.42    -29.89    1.10   38.80  0.08 
 20187  04 19 36.77  +12 37 27.7    20.13    2.02    168.47    2.81    -19.23    1.96   37.99  0.06 
 20197  04 19 44.57  +14 16 27.1    12.93    1.06     80.17    1.26   -217.40    1.14  -19.10  1.30 
 20205  04 19 47.53  +15 37 39.7    21.17    1.17    115.29    1.21    -23.86    0.98   39.28  0.11 
 20219  04 19 57.63  +14 02 06.9    22.31    0.92    115.42    0.94    -19.91    0.83   42.00  2.50 
 20226  04 20 03.96  +23 35 55.9     4.91    0.88    140.66    0.85    -35.19    0.74    8.78  0.19 
 20237  04 20 12.90  +19 14 00.8    22.27    0.93    115.67    1.04    -34.02    0.87   38.81  0.18 
 20261  04 20 36.24  +15 05 43.8    21.20    0.99    108.79    0.95    -20.67    0.82   36.20  1.20 
 20319  04 21 09.82  +06 06 13.0    11.64    3.73    669.26    4.12    -30.20    3.18    0.00  0.00 
 20349  04 21 31.58  +21 02 23.9    19.55    0.89    105.20    1.08    -36.00    0.91   37.10  1.20 
 20350  04 21 32.20  +18 25 03.6    19.83    0.89    111.05    0.95    -31.69    0.80   40.80  2.40 
 20357  04 21 34.73  +14 24 35.4    19.46    1.02    105.19    1.00    -19.11    0.87   39.20  0.21 
 20415  04 22 20.63  +30 25 26.4    15.44    1.28    108.46    1.22    -48.83    1.08   26.77  0.20 
 20480  04 23 22.27  +21 22 45.1    20.63    1.34     99.77    1.45    -39.07    1.15   39.24  0.24 
 20485  04 23 25.20  +15 45 47.5    21.08    2.69    126.22    2.99    -30.50    2.48   39.30  0.21 
 20491  04 23 30.34  +24 24 19.8    20.04    0.89     93.11    1.04    -45.08    0.85   35.90  0.50 
 20492  04 23 32.27  +14 40 13.9    21.23    1.80    107.57    1.90    -18.24    1.37   40.29  0.06 
 20527  04 23 54.34  +14 03 07.7    22.57    2.78    115.90    2.93    -15.21    2.13   40.64  0.26 
 20540  04 24 04.48  +12 58 21.0     6.58    1.09     69.19    1.11    -36.40    0.88   59.30  1.00 
 20542  04 24 05.69  +17 26 39.2    22.36    0.88    109.99    1.13    -33.47    0.87   39.20  1.20 
 20553  04 24 12.40  +14 45 29.8    22.25    1.52     97.38    1.53    -33.51    1.06   37.48  0.19 
 20557  04 24 14.50  +21 44 10.9    24.47    1.06    119.10    1.41    -46.63    0.91   38.94  0.13 
 20563  04 24 16.87  +18 00 10.8    19.35    1.79    112.72    2.48    -33.20    1.99   39.95  0.16 
 20567  04 24 22.21  +17 04 44.5    18.74    1.17     99.08    1.52    -27.93    0.90   40.10  0.60 
 20605  04 24 47.99  +15 52 29.2    24.41    6.94    102.58   10.11    -26.06    9.06   40.20  0.36 
 20614  04 24 57.06  +19 02 31.5    20.40    0.74    110.73    0.88    -32.50    0.74   36.60  1.20 
 20626  04 25 10.79  +25 44 57.3    15.92    1.00     57.57    1.03    -26.22    0.94    0.00  0.00 
 20635  04 25 22.10  +22 17 38.3    21.27    0.80    105.49    0.81    -44.14    0.66   38.60  1.20 
 20641  04 25 24.94  +22 12 00.4    22.65    0.84    112.45    0.88    -47.06    0.73   32.00  2.50 
 20648  04 25 29.32  +17 55 40.8    22.05    0.77    108.26    0.97    -32.47    0.83   38.70  1.30 
 20693  04 25 57.28  +05 09 00.5    22.03    0.90     96.32    0.97      4.55    0.75   29.67  0.30 
 20711  04 26 18.39  +22 48 49.3    21.07    0.80    108.66    0.94    -45.83    0.82   35.60  0.60 
 20741  04 26 40.05  +16 44 49.1    21.42    1.54    110.29    1.53    -27.82    1.14   40.23  0.28 
 20745  04 26 42.75  +12 41 11.8    28.27    3.17    123.44    3.97    -16.78    2.55   41.38  0.18 
 20762  04 26 54.28  +13 08 17.6    21.83    2.29    104.54    2.23    -18.10    1.59   41.22  0.21 
 20810  04 27 32.30  +15 21 55.5     8.66    2.61     86.29    2.92    -25.06    2.19   60.94  0.06 
 20815  04 27 35.83  +15 35 21.3    21.83    1.01    103.54    1.10    -25.16    0.81   39.32  0.24 
 20826  04 27 46.01  +11 44 11.2    21.18    1.04    110.28    1.29    -12.11    0.92   40.22  0.21 
 20827  04 27 46.97  +14 25 04.1    17.29    2.23    101.43    1.91    -20.00    1.50   40.46  0.07 
 20842  04 28 00.72  +21 37 12.0    20.85    0.86     98.82    0.92    -40.59    0.80   37.50  3.30 
 20850  04 28 04.37  +13 52 04.7    21.29    1.91    106.16    1.57    -17.59    1.18   40.94  0.08 
 20873  04 28 23.34  +14 44 27.7    18.42    1.93    109.72    2.34    -21.27    1.63   40.60  0.30 
 20889  04 28 36.93  +19 10 49.9    21.04    0.82    107.23    1.02    -36.77    0.80   39.37  0.06 
 20899  04 28 48.23  +17 17 07.9    21.09    1.08    105.58    1.19    -30.05    0.92   39.99  0.16 
 20901  04 28 50.10  +13 02 51.5    20.33    0.84    105.17    0.84    -15.08    0.63   39.90  4.10 
 20948  04 29 30.29  +17 51 47.7    21.59    1.09    105.72    1.21    -32.56    0.95   38.62  0.24 
 20949  04 29 30.71  +26 40 18.0    17.08    1.18     81.85    1.36    -49.43    0.99   39.02  0.17 
 20951  04 29 31.54  +17 53 35.7    24.19    1.76    107.00    1.98    -33.31    1.46   40.70  0.06 
 20952  04 29 32.58  +13 53 41.1     7.68    1.27    176.16    1.13    -15.25    0.82   96.30  1.20 
 20978  04 29 57.66  +16 40 22.5    24.71    1.27    105.04    1.30    -28.33    0.91   40.97  0.06 
 21019  04 30 26.60  +20 32 52.3     3.52    1.98     31.78    3.20    -18.60    1.61   47.89  0.26 
 21029  04 30 33.57  +16 11 38.7    22.54    0.77    104.98    0.71    -25.14    0.53   41.00  1.80 
 21036  04 30 37.30  +13 43 28.0    21.84    0.89    108.06    0.87    -19.71    0.67   38.80  1.20 
 21053  04 30 46.74  +16 08 55.5    24.28    0.79     98.20    0.80    -22.75    0.57   40.90  1.30 
 21066  04 30 57.11  +10 45 06.5    22.96    0.99    104.19    1.03    -10.52    0.74   41.35  0.26 
 21092  04 31 11.44  +01 57 28.2    19.64    9.61    170.09   10.87     27.24   10.30    0.00  0.00 
 21099  04 31 15.63  +20 07 59.8    21.81    1.25    102.78    1.62    -41.08    1.11   40.62  0.08 
 21112  04 31 29.29  +13 54 12.7    19.46    1.02     92.60    1.28    -19.96    0.94   40.98  0.31 
 21138  04 31 52.41  +15 29 58.3    15.11    4.75    100.76    4.54    -23.42    3.21   41.28  0.21 
 21152  04 32 04.74  +05 24 36.1    23.13    0.92    114.15    1.12      6.17    0.90   39.80  1.00 
 21194  04 32 39.48  +12 13 00.4     9.42    2.76    -67.09    3.54   -150.20    2.53    0.00  0.00 
 21256  04 33 37.11  +21 09 03.5    24.98    1.95    109.30    2.24    -45.31    1.73   41.39  0.20 
 21261  04 33 41.87  +19 00 50.8    21.06    2.21    102.30    2.52    -34.96    1.81   41.43  0.15 
 21267  04 33 46.58  +13 15 06.9    22.80    0.98    101.77    1.23    -17.93    0.89   36.90  0.90 
 21306  04 34 25.95  +12 44 06.1    12.62    1.96     22.20    2.22   -331.97    1.44  -81.80  6.90 
 21317  04 34 35.25  +15 30 16.9    23.19    1.30    100.66    1.41    -28.04    1.00   40.78  0.16 
 21332  04 34 42.17  +17 44 53.8     9.87    1.02     67.96    1.07    -33.24    0.72    0.00  0.00 
 21353  04 34 53.95  +28 03 52.3     6.81    1.34     42.53    1.36    -64.85    1.08   28.95  0.19 
 21459  04 36 29.07  +23 20 27.5    22.60    0.76    109.97    0.98    -53.86    0.76   43.30  1.20 
 21475  04 36 41.19  +11 54 44.8    18.93    1.75    165.74    1.98    -29.14    1.46    0.00  0.00 
 21588  04 38 09.38  +16 02 00.2    21.96    1.04    113.05    1.32    -40.40    1.04   38.40  1.20 
 21637  04 38 51.23  +23 09 00.4    22.60    0.91    104.30    1.06    -55.25    0.81   39.86  0.29 
 21670  04 39 06.10  +07 52 15.6    19.44    0.86     91.87    1.02     -4.56    0.79   36.30  1.20 
 21683  04 39 16.45  +15 55 04.9    20.51    0.82     82.40    1.10    -19.53    0.87   35.60  2.50 
 21684  04 39 17.49  +11 15 54.8     9.56    1.73     84.37    1.91    -58.80    1.46   30.69  0.20 
 21723  04 39 50.91  +12 43 42.7    23.95    1.63    102.00    2.24    -17.70    1.63   42.50  0.19 
 21741  04 40 05.80  +23 18 16.7    15.96    1.36     74.68    1.44    -38.05    0.98   41.34  0.16 
 21788  04 40 49.03  +23 48 35.1    19.48    1.26     63.12    1.50    -48.26    0.91   35.85  0.05 
 21829  04 41 34.79  -00 44 38.9     5.88    0.97     92.65    1.02     75.64    0.69   35.70  1.20 
 21923  04 42 51.64  +18 43 14.4    23.23    1.25    103.46    1.60    -92.15    1.09   13.57  0.20 
 21983  04 43 31.68  +11 09 59.9    21.48    1.84     97.80    2.65     24.92    1.73   24.47  0.34 
 22044  04 44 25.77  +11 08 46.2    20.73    0.88     98.87    1.19    -13.47    0.86   39.60  0.50 
 22105  04 45 27.74  +19 20 57.0     9.08    1.79    132.08    2.09   -123.92    1.77   25.94  0.11 
 22177  04 46 18.74  +03 38 10.7    22.45    2.32     92.59    2.89     12.96    2.18   43.16  0.25 
 22253  04 47 26.14  +23 03 03.7    15.74    1.98     77.60    1.95    -42.56    1.27   41.78  0.23 
 22271  04 47 41.73  +26 09 01.6    22.07    2.03    110.97    2.06    -81.58    1.56   40.30  0.17 
 22380  04 49 03.47  +18 38 28.8    21.38    1.46     82.39    1.62    -40.86    1.51   41.62  0.15 
 22422  04 49 32.07  +15 53 19.7    19.68    0.96     87.37    1.09    -23.68    0.85   42.04  0.14 
 22446  04 49 48.00  +23 23 45.2    13.26    1.11     44.84    1.22    -48.52    0.95   31.84  0.14 
 22565  04 51 22.41  +18 50 23.8    17.27    0.82     79.66    0.93    -32.76    0.75   36.80  1.20 
 22566  04 51 23.18  +15 26 00.6    17.14    1.00     67.63    1.08    -17.21    0.79   42.92  0.19 
 22654  04 52 23.48  +18 59 49.2    18.93    2.02     78.66    2.37    -31.45    1.50   42.88  0.25 
 22684  04 52 41.96  +20 00 02.4    12.14    2.22     72.14    2.61    -19.74    1.95   48.53  0.08 
 22751  04 53 38.68  +23 01 13.2    11.62    1.95     65.74    2.72    -27.54    1.90   48.72  0.18 
 22782  04 54 03.00  +17 01 36.6    14.82    0.88     78.04    0.96     -0.66    0.71   57.10  0.23 
 22850  04 54 58.32  +19 29 07.6    14.67    0.95     63.32    0.92    -28.41    0.65   38.40  2.00 
 22893  04 55 26.24  +10 12 30.0     9.66    1.43     56.84    1.64    -19.85    0.92  -30.57  0.26 
 23044  04 57 23.45  +00 59 31.0    12.62    1.89     47.85    2.18     26.02    1.29   37.96  0.17 
 23056  04 57 40.73  +27 22 33.8    14.29    1.48    135.40    2.17   -126.18    1.43   60.93  0.17 
 23069  04 57 49.46  +14 00 08.0    19.66    1.62     67.17    1.53    -19.49    1.15   43.68  0.16 
 23205  04 59 36.66  +31 35 06.8    10.73    1.66     68.19    2.24    -46.86    2.03    0.00  0.00 
 23214  04 59 44.27  +15 55 00.5    23.09    0.83     87.21    0.74    -29.19    0.50   42.50  1.50 
 23312  05 00 48.84  +04 43 59.1    16.77    1.79     71.50    1.69     10.67    1.04   42.21  0.40 
 23409  05 01 51.31  +31 37 57.6    11.39    1.66    108.44    2.25    -64.25    1.62   78.64  0.36 
 23497  05 03 05.70  +21 35 24.2    20.01    0.91     68.94    0.75    -40.85    0.52   38.00  1.70 
 23498  05 03 07.62  +13 43 50.6    18.44    1.66     65.95    1.42    -18.46    0.89   43.51  0.19 
 23574  05 04 05.36  +17 07 30.0     2.26    1.27     98.52    1.49    -51.59    0.73   30.22  0.19 
 23589  05 04 21.58  +21 16 40.8     5.30    0.81     15.18    0.78    -25.17    0.49   49.35  0.21 
 23599  05 04 26.72  +10 11 13.3     3.98    1.61    112.43    1.87    -94.14    1.08  111.51  0.37 
 23662  05 05 06.50  +06 07 48.9    16.69    1.12     49.05    1.07     -4.87    0.99    0.00  0.00 
 23750  05 06 17.95  +17 48 59.4    18.78    1.40     64.38    1.23    -31.98    0.74   42.31  0.18 
 24019  05 09 45.06  +28 01 50.2    18.28    1.30     55.86    1.33    -60.57    0.77   44.90  0.52 
 24020  05 09 45.44  +28 02 01.6    18.28    1.30    103.25   28.89     15.87   13.07   45.00  0.19 
 24021  05 09 45.88  +07 10 53.6    21.39    1.21     51.64    1.12     14.61    0.66    0.00  0.00 
 24046  05 10 03.74  +27 33 24.2    24.88    1.06    197.69    1.11    -88.54    0.59    0.00  0.00 
 24116  05 10 47.51  +20 34 09.3    11.56    1.19     41.16    1.11    -25.71    0.57   45.30  1.20 
 24923  05 20 25.39  +11 36 35.5    18.26    1.58     50.64    1.26    -13.41    0.96   43.70  0.23 
 25141  05 22 49.35  +28 44 49.0     9.40    1.48     40.75    1.73    -73.53    0.83   34.54  0.24 
 25639  05 28 35.13  +32 51 58.1    11.58    1.13     54.89    1.11    -49.90    0.56   42.10  0.43 
 25694  05 29 15.59  +21 18 57.5    11.17    1.28      9.43    1.23    -27.09    0.60    0.00  0.00 
 25871  05 31 22.73  +27 46 08.9    11.55    0.91     24.04    1.11    -41.26    0.47    0.00  0.00 
 25929  05 32 00.32  +24 59 29.8     6.74    1.40     35.28    1.74    -59.54    0.69   33.22  0.34 
 26159  05 34 36.58  +21 37 20.3    11.13    1.39     15.65    1.38    -14.71    0.61    0.00  0.00 
 26227  05 35 17.58  +29 16 17.6     0.72    1.90     18.42    1.85    -59.34    1.18   46.64  0.24 
 26382  05 37 03.71  +17 02 25.5    18.56    0.86     42.90    1.03    -34.86    0.63   41.10  1.20 
 26844  05 41 58.82  +15 20 14.4    46.51    2.35     78.74    2.55    -44.01    1.70    0.00  0.00 
 27431  05 48 30.82  +07 33 04.8    13.11    0.87     12.93    0.82     -9.94    0.61    0.00  0.00 
 27502  05 49 25.21  +18 37 05.5     6.15    1.25     33.85    1.73    -35.42    1.21    0.00  0.00 
 27791  05 52 52.73  +34 26 43.1    11.50    6.04      8.45    7.15    -60.25    4.75    0.00  0.00 
 27933  05 54 36.63  +11 29 08.0    12.76    0.94     36.97    0.99    -34.79    0.67    0.00  0.00 
 28356  05 59 29.91  +02 28 34.1    14.87    0.98     14.37    0.82     11.31    0.65   45.00  2.50 
 28469  06 00 36.97  +29 00 18.9    10.52    0.99     19.40    1.07    -28.36    0.57   48.00  5.00 
 28774  06 04 32.88  +30 14 18.4    12.81   12.80     -2.46   18.43     -7.00    9.99    0.00  0.00 
