%
%  ID - nazwa gromady
%  GLON - d"lugo"s"c galaktyczna
%  GLAT - szeroko"s"c galaktyczna
%  R_sun - odleg"lo"s"c od S"lo"nca
%  V_t - jasno"s"c ca"lkowita w V
%  [Fe/H] - metaliczno"s"c
%
%  No   ID          GLON    GLAT   R_sun   V_t  [Fe/H]
%                    deg     deg    kpc    mag    
%
    1  NGC 104    305.90  -44.89    4.3   3.95  -0.76
    2  NGC 288    152.28  -89.38    8.1   8.09  -1.24
    3  NGC 362    301.53  -46.25    8.3   6.40  -1.16
    4  NGC 1261   270.54  -52.13   16.0   8.29  -1.35
    5  Pal 1      130.07   19.03    9.7  13.52  -0.80
    6  AM 1       258.36  -48.47  119.1  15.72  -1.80
    7  Eridanus   218.11  -41.33   80.8  14.70  -1.46
    8  Pal 2      170.53   -9.07   26.9  13.04  -1.30
    9  NGC 1851   244.51  -35.04   12.2   7.14  -1.26
   10  NGC 1904   227.23  -29.35   12.6   7.73  -1.54
   11  NGC 2298   245.63  -16.01   10.6   9.29  -1.85
   12  NGC 2419   180.37   25.24   82.3  10.39  -2.12
   13  Pyxis      261.32    7.00   38.5  12.90  -1.20
   14  NGC 2808   282.19  -11.25    9.3   6.20  -1.37
   15  E 3        292.27  -19.02    4.2  11.35  -0.80
   16  Pal 3      240.14   41.86   89.4  14.26  -1.66
   17  NGC 3201   277.23    8.64    5.1   6.75  -1.48
   18  Pal 4      202.31   71.80   99.6  14.20  -1.48
   19  NGC 4147   252.85   77.19   18.8  10.32  -1.83
   20  NGC 4372   300.99   -9.88    4.9   7.24  -2.09
   21  Rup 106    300.89   11.67   20.6  10.90  -1.80
   22  NGC 4590   299.63   36.05   10.1   7.84  -2.06
   23  NGC 4833   303.61   -8.01    5.9   6.91  -1.79
   24  NGC 5024   332.96   79.76   18.4   7.61  -2.07
   25  NGC 5053   335.69   78.94   16.2   9.47  -2.29
   26  NGC 5139   309.10   14.97    5.1   3.68  -1.62
   27  NGC 5272    42.21   78.71   10.0   6.19  -1.57
   28  NGC 5286   311.61   10.57   10.7   7.34  -1.67
   29  AM 4       320.15   33.54   29.2  15.90  -2.00
   30  NGC 5466    42.15   73.59   16.6   9.04  -2.22
   31  NGC 5634   342.21   49.26   25.3   9.47  -1.82
   32  NGC 5694   331.06   30.36   33.9  10.17  -1.86
   33  IC 4499    307.35  -20.47   18.4   9.76  -1.60
   34  NGC 5824   332.55   22.07   31.3   9.09  -1.85
   35  Pal 5        0.85   45.86   22.6  11.75  -1.38
   36  NGC 5897   342.95   30.29   12.7   8.53  -1.80
   37  NGC 5904     3.86   46.80    7.3   5.65  -1.29
   38  NGC 5927   326.60    4.86    7.4   8.01  -0.37
   39  NGC 5946   327.58    4.19   12.3   9.61  -1.38
   40  BH 176     328.41    4.34   15.2  14.00   --    
   41  NGC 5986   337.02   13.27   10.3   7.52  -1.67
   42  Lynga 7    328.77   -2.79    7.0   --    -0.62
   43  Pal 14      28.75   42.18   72.2  14.74  -1.52
   44  NGC 6093   352.67   19.46    8.7   7.33  -1.62
   45  NGC 6121   350.97   15.97    2.2   5.63  -1.20
   46  NGC 6101   317.75  -15.82   15.1   9.16  -1.82
   47  NGC 6144   351.93   15.70   10.1   9.01  -1.73
   48  NGC 6139   342.37    6.94   10.5   8.99  -1.65
   49  Terzan 3   345.08    9.19   26.4  12.00   --    
   50  NGC 6171     3.37   23.01    6.3   7.93  -1.04
   51  1636-283   351.91   12.10    7.6  12.00   --    
   52  NGC 6205    59.01   40.91    7.0   5.78  -1.54
   53  NGC 6229    73.64   40.31   29.3   9.39  -1.44
   54  NGC 6218    15.72   26.31    4.7   6.70  -1.48
   55  NGC 6235   358.92   13.52    9.7   9.97  -1.40
   56  NGC 6254    15.14   23.08    4.3   6.60  -1.52
   57  NGC 6256   347.79    3.31    9.3  11.29  -0.70
   58  Pal 15      18.87   24.30   43.6  14.00  -1.90
   59  NGC 6266   353.58    7.32    6.7   6.45  -1.29
   60  NGC 6273   356.87    9.38    8.5   6.77  -1.68
   61  NGC 6284   358.35    9.94   14.3   8.83  -1.32
   62  NGC 6287     0.13   11.02    8.4   9.35  -2.05
   63  NGC 6293   357.62    7.83    8.8   8.22  -1.92
   64  NGC 6304   355.83    5.38    6.0   8.22  -0.59
   65  NGC 6316   357.18    5.76   11.5   8.43  -0.55
   66  NGC 6341    68.34   34.86    8.1   6.44  -2.29
   67  NGC 6325     0.97    8.00    9.4  10.33  -1.17
   68  NGC 6333     5.54   10.70    8.3   7.72  -1.72
   69  NGC 6342     4.90    9.73    9.1   9.66  -0.65
   70  NGC 6356     6.72   10.22   14.6   8.25  -0.50
   71  NGC 6355   359.58    5.43    7.1   9.14  -1.50
   72  NGC 6352   341.42   -7.17    5.6   7.96  -0.70
   73  IC 1257     16.53   15.14   24.5  13.10  -1.70
   74  Terzan 2   356.32    2.30    9.5  14.29  -0.25
   75  NGC 6366    18.41   16.04    3.6   9.20  -0.82
   76  Terzan 4   356.02    1.31    8.9  16.00  -1.60
   77  HP 1       357.42    2.12    7.2  11.59  -1.50
   78  NGC 6362   325.55  -17.57    7.5   7.73  -1.06
   79  Liller 1   354.84   -0.16   10.5  16.77   0.22
   80  NGC 6380   350.18   -3.42    --   11.31   --    
   81  Terzan 1   357.57    1.00    6.5  15.90  -0.35
   82  Ton 2      350.80   -3.42    7.9  12.24  -0.50
   83  NGC 6388   345.56   -6.74   11.5   6.72  -0.60
   84  NGC 6402    21.32   14.81    8.7   7.59  -1.39
   85  NGC 6401     3.45    3.98    7.5   9.45  -1.12
   86  NGC 6397   338.17  -11.96    2.2   5.73  -1.95
   87  Pal 6        2.09    1.78    6.7  11.55  -0.10
   88  NGC 6426    28.09   16.23   19.9  11.01  -2.26
   89  Djorg 1    356.67   -2.48    9.2  13.60   --    
   90  Terzan 5     3.81    1.67    8.0  13.85  -0.28
   91  NGC 6440     7.73    3.80    8.0   9.20  -0.34
   92  NGC 6441   353.53   -5.01    9.7   7.15  -0.53
   93  Terzan 6   358.57   -2.16    7.5  13.85  -0.65
   94  NGC 6453   355.72   -3.87   10.9  10.08  -1.53
   95  UKS 1        5.12    0.76    7.5  17.29  -1.20
   96  NGC 6496   348.02  -10.01   11.6   8.54  -0.64
   97  Terzan 9     3.60   -1.99    7.8  16.00  -1.00
   98  Djorg 2      2.76   -2.51   13.8   9.90   --    
   99  NGC 6517    19.23    6.76   10.5  10.23  -1.37
  100  Terzan 10    4.42   -1.86    8.4  14.90  -0.70
  101  NGC 6522     1.02   -3.93    7.0   8.27  -1.52
  102  NGC 6535    27.18   10.44    6.8  10.47  -1.80
  103  NGC 6528     1.14   -4.17    7.4   9.60  -0.17
  104  NGC 6539    20.80    6.78    7.9   9.33  -0.66
  105  NGC 6540     3.29   -3.31    3.5   9.30  -1.00
  106  NGC 6544     5.84   -2.20    2.5   7.77  -1.56
  107  NGC 6541   349.29  -11.18    7.4   6.30  -1.83
  108  NGC 6553     5.25   -3.02    4.7   8.06  -0.25
  109  NGC 6558     0.20   -6.03    6.4   9.26  -1.44
  110  IC 1276     21.83    5.67    9.3  10.34   --    
  111  Terzan 12    8.36   -2.10    --   15.63   --    
  112  NGC 6569     0.48   -6.68    8.5   8.55  -0.86
  113  NGC 6584   342.14  -16.41   13.0   8.27  -1.49
  114  NGC 6624     2.79   -7.91    7.9   7.87  -0.42
  115  NGC 6626     7.80   -5.58    5.7   6.79  -1.45
  116  NGC 6638     7.90   -7.15    8.2   9.02  -0.99
  117  NGC 6637     1.72  -10.27    8.2   7.64  -0.71
  118  NGC 6642     9.81   -6.44    7.6   9.13  -1.35
  119  NGC 6652     1.53  -11.38    9.4   8.62  -0.96
  120  NGC 6656     9.89   -7.55    3.2   5.10  -1.64
  121  Pal 8       14.10   -6.80   12.4  11.02  -0.48
  122  NGC 6681     2.85  -12.51    8.7   7.87  -1.51
  123  NGC 6712    25.35   -4.32    6.7   8.10  -1.01
  124  NGC 6715     5.61  -14.09   26.2   7.60  -1.59
  125  NGC 6717    12.88  -10.90    7.1   9.28  -1.29
  126  NGC 6723     0.07  -17.30    8.6   7.01  -1.12
  127  NGC 6749    36.20   -2.20    7.7  12.44  -1.60
  128  NGC 6752   336.50  -25.63    3.9   5.40  -1.55
  129  NGC 6760    36.11   -3.92    7.3   8.88  -0.52
  130  NGC 6779    62.66    8.34    9.9   8.27  -1.94
  131  Terzan 7     3.39  -20.07   23.0  12.00  -0.58
  132  Pal 10      52.44    2.72    5.8  13.22  -0.10
  133  Arp 2        8.55  -20.78   27.6  12.30  -1.76
  134  NGC 6809     8.80  -23.27    5.3   6.32  -1.81
  135  Terzan 8     5.76  -24.56   25.4  12.40  -1.87
  136  Pal 11      31.81  -15.58   12.6   9.80  -0.39
  137  NGC 6838    56.74   -4.56    3.8   8.19  -0.73
  138  NGC 6864    20.30  -25.75   18.4   8.52  -1.32
  139  NGC 6934    52.10  -18.89   15.2   8.83  -1.54
  140  NGC 6981    35.16  -32.68   16.8   9.27  -1.54
  141  NGC 7006    63.77  -19.41   40.7  10.56  -1.68
  142  NGC 7078    65.01  -27.31   10.2   6.20  -2.22
  143  NGC 7089    53.38  -35.78   11.4   6.47  -1.62
  144  NGC 7099    27.18  -46.83    7.9   7.19  -2.12
  145  Pal 12      30.51  -47.68   18.7  11.99  -0.93
  146  Pal 13      87.10  -42.70   26.3  13.80  -1.65
  147  NGC 7492    53.39  -63.48   25.2  11.29  -1.51

